      000  001  011  010  110  111  101  100  
0000    1    1    1    1    1    1    1    1 
0001    1   1    1     1    1   1    1     1 
0011    1   1    1    1    1    1    1     1 
0010    1    1   1    1    1    1     1    1 
0110    1    1   1    1    1    1    1    1  
0111    1   1    1    1    1    1    1    1  
0101    1   1    1     1   1    1    1    1  
0100    1    1    1    1   1    1    1    1  
1100   1    1    1    1     1    1    1    1 
1101   1    11   11   1    11    1    1   11 
1111   1    11   11   11   11    1   11   11 
1110   1    1    11   11    1    1   11   11 
1010   1    1     1    1    1    1   1    1  
1011   1    11    1   11   11    1   11   1  
1001   1     1    1   1    1     1    1   1  
1000   1    1    1    1    1    1    1    1  
